************************************************************
lucene-2.4.csv

Accuracy Results:
NB:50.00 50.00 52.94 52.94 54.41 54.41 55.88 55.88 57.35 57.35 58.82 58.82 58.82 60.29 60.29 61.76 61.76 63.24 63.24 63.24 63.24 64.71 66.18 66.18 70.59 
KNN:58.82 60.29 61.76 63.24 63.24 63.24 64.71 64.71 64.71 64.71 66.18 66.18 66.18 67.65 67.65 67.65 70.59 72.06 72.06 73.53 73.53 75.00 75.00 75.00 76.47 
PCA_Infogain:52.94 54.41 57.35 58.82 58.82 58.82 60.29 61.76 63.24 63.24 64.71 66.18 66.18 66.18 66.18 66.18 67.65 67.65 69.12 69.12 70.59 70.59 72.06 72.06 72.06 
PCA_All:51.47 52.94 55.88 57.35 58.82 58.82 58.82 58.82 60.29 60.29 60.29 61.76 63.24 63.24 63.24 64.71 64.71 66.18 66.18 67.65 67.65 69.12 69.12 72.06 73.53 
FastMap_Infogain:47.06 47.06 50.00 51.47 55.88 55.88 55.88 55.88 57.35 57.35 57.35 57.35 60.29 60.29 61.76 61.76 61.76 63.24 64.71 66.18 66.18 67.65 69.12 70.59 70.59 

F-Measure Results:
NB:0.32  0.36  0.41  0.41  0.43  0.47  0.47  0.51  0.51  0.52  0.53  0.53  0.55  0.55  0.55  0.55  0.55  0.55  0.56  0.60  0.62  0.64  0.65  0.66  0.67  
KNN:0.70  0.70  0.70  0.70  0.71  0.72  0.73  0.73  0.74  0.74  0.74  0.74  0.76  0.76  0.77  0.78  0.79  0.79  0.80  0.80  0.80  0.81  0.82  0.83  0.83  
PCA_Infogain:0.59  0.59  0.64  0.65  0.66  0.67  0.67  0.67  0.70  0.70  0.70  0.70  0.71  0.71  0.72  0.72  0.72  0.73  0.74  0.74  0.75  0.75  0.77  0.78  0.79  
PCA_All:0.59  0.64  0.67  0.67  0.68  0.68  0.69  0.69  0.70  0.70  0.70  0.72  0.73  0.73  0.74  0.74  0.76  0.76  0.76  0.76  0.77  0.78  0.79  0.80  0.81  
FastMap_Infogain:0.64  0.64  0.67  0.68  0.72  0.72  0.72  0.72  0.73  0.73  0.73  0.73  0.75  0.75  0.76  0.76  0.76  0.77  0.79  0.80  0.80  0.81  0.82  0.83  0.83  

Precision Results:
NB:0.67  0.67  0.75  0.75  0.78  0.78  0.80  0.80  0.81  0.82  0.83  0.85  0.85  0.86  0.87  0.88  0.88  0.90  0.92  0.92  0.93  0.94  0.95  0.95  1.00  
KNN:0.58  0.58  0.58  0.59  0.62  0.62  0.63  0.64  0.65  0.67  0.67  0.67  0.67  0.67  0.71  0.73  0.74  0.74  0.74  0.75  0.75  0.76  0.76  0.78  0.81  
PCA_Infogain:0.51  0.54  0.61  0.62  0.63  0.64  0.66  0.67  0.67  0.67  0.68  0.68  0.73  0.73  0.74  0.76  0.76  0.76  0.76  0.77  0.78  0.78  0.80  0.87  0.90  
PCA_All:0.49  0.55  0.56  0.58  0.59  0.59  0.60  0.60  0.61  0.62  0.62  0.62  0.65  0.66  0.67  0.68  0.69  0.70  0.70  0.71  0.71  0.71  0.72  0.75  0.77  
FastMap_Infogain:0.47  0.47  0.50  0.51  0.56  0.56  0.56  0.56  0.57  0.57  0.57  0.57  0.60  0.60  0.62  0.62  0.62  0.63  0.65  0.66  0.66  0.68  0.69  0.71  0.71  

Recall Results:
NB:0.21  0.23  0.27  0.29  0.30  0.32  0.34  0.35  0.36  0.38  0.39  0.39  0.39  0.39  0.40  0.40  0.40  0.40  0.43  0.48  0.49  0.50  0.50  0.54  0.55  
KNN:0.74  0.76  0.76  0.79  0.79  0.81  0.83  0.83  0.84  0.84  0.85  0.86  0.88  0.88  0.88  0.89  0.89  0.90  0.91  0.92  0.92  0.92  0.93  0.94  0.97  
PCA_Infogain:0.53  0.57  0.60  0.62  0.63  0.64  0.67  0.67  0.67  0.69  0.71  0.71  0.71  0.72  0.73  0.76  0.76  0.77  0.77  0.78  0.78  0.79  0.80  0.83  0.85  
PCA_All:0.71  0.72  0.74  0.74  0.75  0.78  0.79  0.80  0.81  0.82  0.82  0.82  0.82  0.83  0.84  0.85  0.85  0.85  0.86  0.87  0.87  0.87  0.90  0.91  0.95  
FastMap_Infogain:1.00  1.00  1.00  1.00  1.00  1.00  1.00  1.00  1.00  1.00  1.00  1.00  1.00  1.00  1.00  1.00  1.00  1.00  1.00  1.00  1.00  1.00  1.00  1.00  1.00  

Summary:
NB:59.29,0.85,0.39,0.53
KNN:67.76,0.68,0.86,0.76
PCA_Infogain:64.65,0.71,0.71,0.70
PCA_All:62.65,0.65,0.82,0.72
FastMap_Infogain:59.71,0.60,1.00,0.75
