************************************************************
velocity-1.6.csv

Accuracy Results:
NB:53.33 55.56 57.78 60.00 62.22 62.22 64.44 64.44 64.44 66.67 66.67 68.89 71.11 71.11 71.11 71.11 71.11 73.33 73.33 73.33 73.33 75.56 75.56 77.78 84.44 
KNN:53.33 57.78 57.78 57.78 60.00 60.00 60.00 60.00 64.44 64.44 66.67 66.67 66.67 66.67 68.89 68.89 68.89 68.89 68.89 71.11 71.11 73.33 73.33 73.33 75.56 
PCA_Infogain:57.78 57.78 62.22 62.22 64.44 64.44 64.44 66.67 66.67 68.89 68.89 68.89 71.11 71.11 73.33 73.33 73.33 73.33 73.33 75.56 75.56 75.56 75.56 75.56 77.78 
PCA_All:64.44 64.44 64.44 66.67 66.67 68.89 68.89 68.89 71.11 71.11 71.11 71.11 73.33 73.33 75.56 75.56 75.56 75.56 75.56 77.78 77.78 77.78 80.00 82.22 84.44 
FastMap_Infogain:24.44 24.44 28.89 28.89 28.89 28.89 31.11 31.11 31.11 31.11 33.33 33.33 33.33 33.33 33.33 33.33 35.56 35.56 37.78 37.78 42.22 42.22 42.22 44.44 44.44 

F-Measure Results:
NB:0.11  0.11  0.18  0.21  0.22  0.23  0.24  0.29  0.30  0.32  0.32  0.37  0.38  0.40  0.42  0.42  0.43  0.43  0.45  0.46  0.48  0.50  0.50  0.53  0.57  
KNN:0.44  0.46  0.47  0.47  0.49  0.49  0.53  0.55  0.55  0.55  0.57  0.58  0.58  0.59  0.59  0.63  0.65  0.65  0.65  0.67  0.67  0.68  0.68  0.70  0.71  
PCA_Infogain:0.11  0.12  0.20  0.24  0.26  0.29  0.32  0.33  0.38  0.38  0.39  0.40  0.42  0.42  0.42  0.42  0.45  0.48  0.50  0.52  0.54  0.54  0.56  0.58  0.59  
PCA_All:0.15  0.20  0.22  0.24  0.27  0.29  0.30  0.32  0.33  0.33  0.33  0.35  0.35  0.38  0.40  0.44  0.46  0.48  0.50  0.55  0.55  0.56  0.58  0.61  0.74  
FastMap_Infogain:0.39  0.39  0.45  0.45  0.45  0.45  0.47  0.47  0.47  0.47  0.50  0.50  0.50  0.50  0.50  0.50  0.52  0.52  0.55  0.55  0.59  0.59  0.59  0.62  0.62  

Precision Results:
NB:0.20  0.20  0.29  0.30  0.40  0.40  0.43  0.44  0.50  0.55  0.56  0.60  0.60  0.60  0.62  0.67  0.67  0.67  0.67  0.71  0.75  0.80  0.83  0.89  1.00  
KNN:0.33  0.36  0.37  0.41  0.43  0.43  0.43  0.45  0.45  0.47  0.48  0.50  0.50  0.50  0.50  0.52  0.52  0.52  0.55  0.60  0.61  0.61  0.65  0.65  0.68  
PCA_Infogain:0.29  0.33  0.33  0.50  0.50  0.50  0.54  0.55  0.56  0.57  0.57  0.60  0.60  0.62  0.64  0.64  0.64  0.67  0.67  0.71  0.73  0.75  0.75  0.80  1.00  
PCA_All:0.50  0.50  0.60  0.67  0.67  0.67  0.71  0.71  0.75  0.75  0.75  0.75  0.78  0.80  0.80  0.80  0.82  0.83  0.86  0.86  0.86  1.00  1.00  1.00  1.00  
FastMap_Infogain:0.24  0.24  0.29  0.29  0.29  0.29  0.31  0.31  0.31  0.31  0.33  0.33  0.33  0.33  0.33  0.33  0.36  0.36  0.38  0.38  0.42  0.42  0.42  0.44  0.44  

Recall Results:
NB:0.07  0.08  0.13  0.14  0.15  0.17  0.18  0.19  0.21  0.22  0.25  0.28  0.28  0.28  0.29  0.29  0.31  0.33  0.33  0.35  0.36  0.40  0.40  0.42  0.44  
KNN:0.46  0.47  0.58  0.60  0.60  0.64  0.65  0.67  0.68  0.69  0.69  0.71  0.73  0.73  0.73  0.75  0.77  0.79  0.79  0.81  0.85  0.86  0.87  0.92  0.93  
PCA_Infogain:0.07  0.07  0.15  0.15  0.16  0.19  0.21  0.24  0.26  0.27  0.29  0.29  0.30  0.31  0.33  0.36  0.36  0.40  0.40  0.45  0.47  0.50  0.50  0.54  0.54  
PCA_All:0.09  0.12  0.13  0.13  0.15  0.18  0.19  0.21  0.21  0.21  0.21  0.21  0.23  0.27  0.27  0.30  0.32  0.33  0.38  0.40  0.45  0.45  0.46  0.50  0.59  
FastMap_Infogain:1.00  1.00  1.00  1.00  1.00  1.00  1.00  1.00  1.00  1.00  1.00  1.00  1.00  1.00  1.00  1.00  1.00  1.00  1.00  1.00  1.00  1.00  1.00  1.00  1.00  

Summary:
NB:68.36,0.57,0.26,0.35
KNN:65.78,0.50,0.72,0.58
PCA_Infogain:69.51,0.60,0.31,0.39
PCA_All:72.89,0.78,0.28,0.40
FastMap_Infogain:34.04,0.34,1.00,0.51
