************************************************************
jedit-4.1.csv

Accuracy Results:
NB:62.90 69.35 72.58 72.58 74.19 74.19 75.81 75.81 75.81 77.42 77.42 77.42 79.03 79.03 82.26 82.26 82.26 85.48 85.48 85.48 87.10 87.10 87.10 88.71 91.94 
KNN:64.52 66.13 66.13 66.13 67.74 69.35 69.35 70.97 70.97 70.97 72.58 72.58 72.58 72.58 74.19 74.19 75.81 77.42 77.42 77.42 77.42 77.42 79.03 80.65 83.87 
PCA_Infogain:69.35 70.97 70.97 72.58 74.19 74.19 75.81 77.42 77.42 77.42 77.42 79.03 80.65 80.65 80.65 80.65 82.26 82.26 83.87 83.87 85.48 87.10 87.10 87.10 88.71 
PCA_All:67.74 74.19 75.81 77.42 79.03 79.03 79.03 80.65 80.65 80.65 80.65 80.65 80.65 80.65 82.26 82.26 82.26 83.87 83.87 83.87 87.10 87.10 87.10 90.32 90.32 
FastMap_Infogain:16.13 19.35 19.35 19.35 20.97 20.97 22.58 22.58 22.58 22.58 24.19 24.19 24.19 24.19 25.81 25.81 25.81 25.81 27.42 27.42 30.65 30.65 33.87 37.10 38.71 

F-Measure Results:
NB:0.13  0.34  0.35  0.41  0.41  0.42  0.43  0.45  0.48  0.48  0.48  0.53  0.55  0.56  0.58  0.59  0.61  0.64  0.64  0.64  0.65  0.67  0.67  0.75  0.77  
KNN:0.44  0.45  0.46  0.47  0.49  0.49  0.50  0.50  0.51  0.53  0.53  0.54  0.54  0.54  0.54  0.55  0.56  0.57  0.58  0.58  0.61  0.62  0.68  0.70  0.75  
PCA_Infogain:0.36  0.39  0.40  0.40  0.40  0.43  0.43  0.45  0.50  0.52  0.53  0.54  0.55  0.55  0.57  0.57  0.60  0.61  0.64  0.64  0.65  0.67  0.69  0.70  0.71  
PCA_All:0.33  0.33  0.35  0.36  0.38  0.40  0.44  0.45  0.45  0.48  0.48  0.50  0.52  0.54  0.55  0.56  0.56  0.57  0.60  0.60  0.62  0.64  0.67  0.70  0.73  
FastMap_Infogain:0.28  0.32  0.32  0.32  0.35  0.35  0.37  0.37  0.37  0.37  0.39  0.39  0.39  0.39  0.41  0.41  0.41  0.41  0.43  0.43  0.47  0.47  0.51  0.54  0.56  

Precision Results:
NB:0.20  0.33  0.42  0.44  0.54  0.56  0.57  0.58  0.60  0.60  0.62  0.64  0.64  0.67  0.67  0.67  0.71  0.71  0.73  0.75  0.83  0.83  0.86  0.88  0.89  
KNN:0.36  0.36  0.40  0.40  0.40  0.40  0.41  0.42  0.43  0.43  0.44  0.44  0.45  0.45  0.46  0.48  0.50  0.50  0.52  0.54  0.57  0.57  0.65  0.70  0.71  
PCA_Infogain:0.43  0.45  0.46  0.50  0.50  0.50  0.50  0.55  0.55  0.56  0.58  0.60  0.62  0.62  0.69  0.69  0.70  0.71  0.73  0.73  0.77  0.77  0.80  0.85  0.86  
PCA_All:0.56  0.57  0.57  0.60  0.62  0.67  0.67  0.70  0.70  0.70  0.71  0.73  0.75  0.75  0.75  0.75  0.80  0.83  0.83  0.89  0.92  1.00  1.00  1.00  1.00  
FastMap_Infogain:0.16  0.19  0.19  0.19  0.21  0.21  0.23  0.23  0.23  0.23  0.24  0.24  0.24  0.24  0.26  0.26  0.26  0.26  0.27  0.27  0.31  0.31  0.34  0.37  0.39  

Recall Results:
NB:0.09  0.29  0.30  0.32  0.33  0.36  0.36  0.39  0.39  0.40  0.40  0.45  0.47  0.47  0.50  0.50  0.53  0.56  0.56  0.56  0.62  0.62  0.70  0.71  0.80  
KNN:0.50  0.50  0.50  0.53  0.53  0.54  0.57  0.60  0.60  0.62  0.62  0.64  0.64  0.65  0.67  0.70  0.71  0.73  0.79  0.79  0.82  0.83  0.83  0.85  0.90  
PCA_Infogain:0.29  0.29  0.32  0.36  0.38  0.38  0.38  0.40  0.40  0.42  0.42  0.44  0.48  0.50  0.53  0.53  0.57  0.57  0.58  0.59  0.62  0.67  0.67  0.69  0.80  
PCA_All:0.21  0.21  0.24  0.25  0.29  0.31  0.31  0.31  0.33  0.36  0.38  0.40  0.40  0.42  0.42  0.44  0.47  0.47  0.47  0.47  0.50  0.50  0.52  0.57  0.70  
FastMap_Infogain:1.00  1.00  1.00  1.00  1.00  1.00  1.00  1.00  1.00  1.00  1.00  1.00  1.00  1.00  1.00  1.00  1.00  1.00  1.00  1.00  1.00  1.00  1.00  1.00  1.00  

Summary:
NB:79.55,0.64,0.47,0.53
KNN:73.10,0.48,0.67,0.55
PCA_Infogain:79.48,0.63,0.49,0.54
PCA_All:81.48,0.76,0.40,0.51
FastMap_Infogain:25.29,0.25,1.00,0.40
