************************************************************
poi-3.0.csv

Accuracy Results:
NB:42.05 45.45 45.45 46.59 47.73 48.86 50.00 52.27 52.27 54.55 54.55 54.55 54.55 56.82 56.82 57.95 59.09 59.09 59.09 59.09 59.09 60.23 61.36 61.36 62.50 
KNN:68.18 71.59 73.86 73.86 75.00 75.00 76.14 76.14 76.14 76.14 76.14 76.14 76.14 77.27 77.27 77.27 77.27 77.27 77.27 78.41 78.41 78.41 80.68 80.68 80.68 
PCA_Infogain:68.18 69.32 69.32 70.45 70.45 71.59 71.59 71.59 71.59 73.86 75.00 75.00 76.14 76.14 77.27 77.27 78.41 78.41 78.41 78.41 79.55 79.55 80.68 80.68 80.68 
PCA_All:70.45 71.59 72.73 72.73 75.00 75.00 76.14 77.27 77.27 77.27 78.41 78.41 78.41 78.41 78.41 78.41 79.55 79.55 79.55 79.55 80.68 81.82 82.95 82.95 84.09 
FastMap_Infogain:57.95 57.95 59.09 60.23 60.23 60.23 60.23 61.36 61.36 62.50 62.50 62.50 62.50 62.50 63.64 64.77 65.91 65.91 65.91 65.91 67.05 67.05 68.18 70.45 70.45 

F-Measure Results:
NB:0.35  0.35  0.35  0.37  0.41  0.43  0.46  0.46  0.46  0.47  0.47  0.48  0.49  0.49  0.49  0.51  0.54  0.55  0.55  0.56  0.56  0.57  0.58  0.58  0.62  
KNN:0.77  0.80  0.81  0.82  0.82  0.82  0.83  0.83  0.83  0.83  0.83  0.83  0.83  0.84  0.84  0.84  0.84  0.84  0.84  0.85  0.85  0.85  0.86  0.86  0.87  
PCA_Infogain:0.70  0.71  0.73  0.75  0.75  0.75  0.76  0.77  0.77  0.78  0.79  0.79  0.80  0.80  0.80  0.80  0.81  0.81  0.81  0.82  0.83  0.83  0.84  0.85  0.85  
PCA_All:0.75  0.75  0.77  0.78  0.79  0.80  0.80  0.81  0.82  0.82  0.82  0.82  0.83  0.83  0.83  0.83  0.84  0.84  0.84  0.84  0.85  0.85  0.86  0.87  0.87  
FastMap_Infogain:0.73  0.73  0.74  0.75  0.75  0.75  0.75  0.76  0.76  0.77  0.77  0.77  0.77  0.77  0.78  0.79  0.79  0.79  0.79  0.79  0.80  0.80  0.81  0.83  0.83  

Precision Results:
NB:0.71  0.72  0.76  0.78  0.78  0.79  0.82  0.82  0.83  0.83  0.83  0.84  0.84  0.85  0.87  0.88  0.89  0.89  0.89  0.90  0.91  0.91  0.93  0.96  1.00  
KNN:0.69  0.71  0.72  0.73  0.73  0.74  0.74  0.74  0.75  0.75  0.75  0.76  0.76  0.76  0.76  0.77  0.77  0.77  0.78  0.78  0.78  0.78  0.79  0.80  0.82  
PCA_Infogain:0.70  0.79  0.80  0.81  0.83  0.83  0.83  0.84  0.84  0.84  0.85  0.85  0.86  0.86  0.87  0.87  0.88  0.88  0.88  0.88  0.90  0.90  0.90  0.93  0.93  
PCA_All:0.79  0.79  0.80  0.80  0.80  0.81  0.81  0.82  0.83  0.83  0.83  0.84  0.84  0.85  0.85  0.86  0.86  0.86  0.86  0.87  0.87  0.87  0.88  0.89  0.92  
FastMap_Infogain:0.58  0.58  0.59  0.60  0.60  0.60  0.60  0.61  0.61  0.62  0.62  0.62  0.62  0.62  0.64  0.65  0.66  0.66  0.66  0.66  0.67  0.67  0.68  0.70  0.70  

Recall Results:
NB:0.23  0.23  0.23  0.25  0.28  0.29  0.31  0.32  0.32  0.32  0.33  0.33  0.33  0.35  0.35  0.37  0.38  0.38  0.40  0.40  0.41  0.42  0.42  0.43  0.50  
KNN:0.87  0.87  0.88  0.89  0.89  0.89  0.90  0.90  0.91  0.92  0.92  0.93  0.93  0.93  0.93  0.94  0.94  0.95  0.95  0.95  0.96  0.96  0.96  0.98  0.98  
PCA_Infogain:0.59  0.60  0.67  0.67  0.68  0.68  0.69  0.71  0.71  0.72  0.72  0.72  0.73  0.73  0.73  0.77  0.77  0.78  0.78  0.79  0.81  0.82  0.83  0.85  0.91  
PCA_All:0.69  0.72  0.72  0.75  0.75  0.75  0.76  0.80  0.80  0.80  0.81  0.81  0.81  0.81  0.82  0.82  0.83  0.83  0.83  0.83  0.84  0.84  0.85  0.86  0.91  
FastMap_Infogain:1.00  1.00  1.00  1.00  1.00  1.00  1.00  1.00  1.00  1.00  1.00  1.00  1.00  1.00  1.00  1.00  1.00  1.00  1.00  1.00  1.00  1.00  1.00  1.00  1.00  

Summary:
NB:54.45,0.85,0.34,0.49
KNN:76.45,0.76,0.93,0.83
PCA_Infogain:75.18,0.85,0.74,0.79
PCA_All:77.86,0.84,0.80,0.82
FastMap_Infogain:63.45,0.63,1.00,0.78
