************************************************************
ant-1.7.csv

Accuracy Results:
NB:71.81 75.84 75.84 77.85 77.85 78.52 78.52 78.52 79.19 79.19 79.19 79.87 80.54 80.54 81.21 81.21 81.21 81.88 81.88 81.88 82.55 82.55 83.22 84.56 85.23 
KNN:69.13 69.80 71.14 72.48 73.15 73.15 73.15 73.83 73.83 73.83 75.17 75.17 75.84 75.84 75.84 76.51 76.51 76.51 77.18 77.18 77.18 77.18 77.18 79.19 84.56 
PCA_Infogain:75.17 77.85 78.52 79.19 79.19 79.87 79.87 79.87 79.87 79.87 80.54 81.88 81.88 82.55 83.22 83.22 83.22 83.22 83.89 85.23 85.91 85.91 86.58 87.25 89.93 
PCA_All:69.13 75.17 76.51 77.85 77.85 77.85 77.85 78.52 78.52 79.87 79.87 80.54 80.54 81.21 82.55 83.22 83.22 83.89 83.89 83.89 83.89 84.56 85.23 85.23 85.91 
FastMap_Infogain:16.78 16.78 18.79 18.79 18.79 19.46 20.13 20.13 20.13 20.13 21.48 22.15 22.82 22.82 23.49 23.49 24.16 24.83 24.83 24.83 25.50 25.50 26.17 26.17 28.86 

F-Measure Results:
NB:0.41  0.47  0.48  0.48  0.49  0.49  0.50  0.51  0.52  0.52  0.52  0.52  0.54  0.55  0.55  0.56  0.58  0.58  0.59  0.61  0.62  0.62  0.62  0.63  0.66  
KNN:0.43  0.47  0.49  0.50  0.51  0.51  0.52  0.52  0.53  0.53  0.54  0.54  0.54  0.55  0.55  0.55  0.56  0.56  0.56  0.57  0.58  0.59  0.60  0.62  0.62  
PCA_Infogain:0.34  0.38  0.38  0.39  0.40  0.40  0.42  0.43  0.43  0.46  0.48  0.48  0.49  0.49  0.50  0.50  0.51  0.53  0.53  0.53  0.54  0.55  0.57  0.57  0.75  
PCA_All:0.23  0.30  0.33  0.35  0.36  0.38  0.38  0.40  0.41  0.42  0.42  0.42  0.43  0.45  0.46  0.46  0.48  0.48  0.48  0.50  0.50  0.51  0.52  0.54  0.62  
FastMap_Infogain:0.29  0.29  0.32  0.32  0.32  0.33  0.34  0.34  0.34  0.34  0.35  0.36  0.37  0.37  0.38  0.38  0.39  0.40  0.40  0.40  0.41  0.41  0.41  0.41  0.45  

Precision Results:
NB:0.43  0.43  0.44  0.44  0.46  0.46  0.47  0.47  0.52  0.53  0.56  0.57  0.57  0.57  0.58  0.60  0.61  0.61  0.62  0.63  0.66  0.66  0.66  0.70  0.70  
KNN:0.34  0.36  0.40  0.41  0.41  0.43  0.43  0.43  0.44  0.44  0.45  0.45  0.45  0.45  0.46  0.48  0.48  0.50  0.52  0.52  0.54  0.54  0.55  0.58  0.59  
PCA_Infogain:0.48  0.50  0.57  0.58  0.59  0.61  0.61  0.61  0.65  0.67  0.67  0.68  0.69  0.69  0.71  0.73  0.77  0.77  0.78  0.80  0.81  0.81  0.82  0.85  0.88  
PCA_All:0.41  0.50  0.54  0.57  0.57  0.58  0.59  0.59  0.59  0.60  0.60  0.60  0.60  0.60  0.62  0.62  0.64  0.65  0.67  0.69  0.70  0.71  0.73  0.79  0.82  
FastMap_Infogain:0.17  0.17  0.19  0.19  0.19  0.19  0.20  0.20  0.20  0.20  0.21  0.22  0.23  0.23  0.23  0.23  0.24  0.25  0.25  0.25  0.26  0.26  0.26  0.26  0.29  

Recall Results:
NB:0.38  0.44  0.46  0.46  0.48  0.48  0.50  0.51  0.52  0.52  0.52  0.53  0.53  0.53  0.54  0.55  0.55  0.58  0.61  0.62  0.62  0.62  0.66  0.69  0.70  
KNN:0.51  0.51  0.54  0.58  0.59  0.59  0.60  0.60  0.61  0.62  0.67  0.67  0.68  0.68  0.69  0.69  0.69  0.73  0.73  0.74  0.75  0.75  0.76  0.79  0.85  
PCA_Infogain:0.22  0.24  0.26  0.27  0.28  0.31  0.31  0.33  0.34  0.36  0.37  0.38  0.39  0.39  0.39  0.39  0.40  0.42  0.43  0.43  0.44  0.44  0.47  0.56  0.68  
PCA_All:0.16  0.21  0.23  0.26  0.27  0.27  0.28  0.29  0.31  0.32  0.32  0.32  0.32  0.33  0.36  0.37  0.38  0.38  0.39  0.40  0.40  0.40  0.43  0.43  0.56  
FastMap_Infogain:1.00  1.00  1.00  1.00  1.00  1.00  1.00  1.00  1.00  1.00  1.00  1.00  1.00  1.00  1.00  1.00  1.00  1.00  1.00  1.00  1.00  1.00  1.00  1.00  1.00  

Summary:
NB:80.03,0.56,0.54,0.55
KNN:75.22,0.47,0.66,0.54
PCA_Infogain:82.15,0.69,0.38,0.48
PCA_All:80.67,0.62,0.34,0.43
FastMap_Infogain:22.28,0.22,1.00,0.36
