************************************************************
xalan-2.6.csv

Accuracy Results:
NB:63.84 68.36 68.93 68.93 69.49 69.49 70.06 70.06 70.06 70.06 70.62 70.62 70.62 71.19 71.19 71.19 71.75 71.75 71.75 72.32 72.88 72.88 72.88 74.01 77.97 
KNN:61.58 63.84 64.41 65.54 66.67 67.23 67.80 67.80 67.80 68.36 68.36 68.36 68.93 68.93 68.93 69.49 70.06 70.06 70.06 70.62 70.62 71.75 72.32 72.32 72.88 
PCA_Infogain:65.54 66.67 67.23 68.36 69.49 70.06 70.06 70.62 70.62 71.19 71.75 71.75 72.32 72.88 72.88 73.45 73.45 73.45 73.45 73.45 74.58 74.58 75.14 75.14 77.97 
PCA_All:63.28 63.28 63.84 64.41 65.54 65.54 66.10 66.10 66.10 66.67 67.23 67.23 67.80 68.93 69.49 70.06 70.06 70.62 71.19 72.32 72.32 72.88 72.88 73.45 74.58 
FastMap_Infogain:41.81 42.37 42.94 42.94 43.50 43.50 44.07 44.07 44.63 44.63 45.20 45.20 45.20 45.20 46.33 46.33 46.89 48.02 48.02 48.59 49.72 51.98 52.54 52.54 54.80 

F-Measure Results:
NB:0.52  0.53  0.54  0.55  0.55  0.55  0.58  0.58  0.59  0.60  0.60  0.60  0.60  0.61  0.61  0.61  0.61  0.62  0.62  0.62  0.62  0.63  0.64  0.65  0.69  
KNN:0.63  0.64  0.66  0.66  0.67  0.67  0.68  0.68  0.69  0.69  0.69  0.69  0.70  0.70  0.70  0.71  0.71  0.72  0.72  0.72  0.72  0.74  0.74  0.74  0.76  
PCA_Infogain:0.53  0.54  0.56  0.57  0.58  0.60  0.60  0.60  0.62  0.62  0.62  0.63  0.63  0.64  0.64  0.65  0.65  0.66  0.67  0.67  0.67  0.68  0.68  0.69  0.70  
PCA_All:0.56  0.60  0.61  0.61  0.62  0.62  0.63  0.63  0.64  0.64  0.64  0.64  0.65  0.66  0.67  0.67  0.67  0.67  0.68  0.68  0.69  0.70  0.70  0.71  0.73  
FastMap_Infogain:0.59  0.60  0.60  0.60  0.61  0.61  0.61  0.61  0.62  0.62  0.62  0.62  0.62  0.62  0.63  0.63  0.64  0.65  0.65  0.65  0.66  0.68  0.69  0.69  0.71  

Precision Results:
NB:0.76  0.76  0.77  0.79  0.80  0.80  0.80  0.81  0.81  0.81  0.82  0.83  0.83  0.83  0.83  0.85  0.85  0.88  0.89  0.90  0.90  0.90  0.90  0.91  0.93  
KNN:0.54  0.55  0.57  0.58  0.59  0.61  0.62  0.62  0.62  0.62  0.63  0.63  0.64  0.64  0.65  0.65  0.65  0.65  0.66  0.66  0.66  0.66  0.68  0.69  0.69  
PCA_Infogain:0.70  0.72  0.73  0.75  0.76  0.76  0.76  0.78  0.78  0.79  0.79  0.80  0.81  0.81  0.82  0.83  0.84  0.85  0.86  0.87  0.87  0.88  0.88  0.90  0.94  
PCA_All:0.56  0.59  0.59  0.62  0.62  0.63  0.63  0.63  0.63  0.65  0.66  0.68  0.68  0.68  0.69  0.69  0.69  0.69  0.70  0.70  0.70  0.72  0.74  0.77  0.77  
FastMap_Infogain:0.42  0.42  0.43  0.43  0.44  0.44  0.44  0.44  0.45  0.45  0.45  0.45  0.45  0.45  0.46  0.46  0.47  0.48  0.48  0.49  0.50  0.52  0.53  0.53  0.55  

Recall Results:
NB:0.38  0.39  0.40  0.41  0.41  0.42  0.44  0.46  0.46  0.46  0.46  0.46  0.46  0.47  0.47  0.47  0.48  0.48  0.48  0.49  0.49  0.51  0.53  0.54  0.56  
KNN:0.72  0.73  0.73  0.73  0.75  0.76  0.76  0.77  0.78  0.78  0.78  0.78  0.79  0.79  0.79  0.79  0.80  0.80  0.80  0.80  0.82  0.82  0.83  0.84  0.86  
PCA_Infogain:0.40  0.43  0.44  0.45  0.45  0.46  0.49  0.49  0.49  0.51  0.51  0.52  0.52  0.53  0.53  0.53  0.54  0.54  0.54  0.58  0.58  0.58  0.58  0.60  0.61  
PCA_All:0.55  0.58  0.59  0.59  0.61  0.61  0.62  0.62  0.62  0.62  0.63  0.64  0.64  0.64  0.65  0.65  0.65  0.66  0.66  0.66  0.70  0.70  0.71  0.71  0.71  
FastMap_Infogain:1.00  1.00  1.00  1.00  1.00  1.00  1.00  1.00  1.00  1.00  1.00  1.00  1.00  1.00  1.00  1.00  1.00  1.00  1.00  1.00  1.00  1.00  1.00  1.00  1.00  

Summary:
NB:70.92,0.84,0.46,0.60
KNN:68.59,0.63,0.78,0.70
PCA_Infogain:71.84,0.81,0.52,0.63
PCA_All:68.47,0.67,0.64,0.65
FastMap_Infogain:46.44,0.46,1.00,0.63
