************************************************************
log4j-1.1.csv

Accuracy Results:
NB:66.67 71.43 71.43 71.43 71.43 76.19 76.19 76.19 76.19 76.19 80.95 80.95 80.95 80.95 80.95 85.71 85.71 85.71 85.71 85.71 85.71 95.24 95.24 95.24 95.24 
KNN:52.38 52.38 66.67 66.67 66.67 71.43 71.43 71.43 71.43 71.43 71.43 76.19 76.19 76.19 80.95 80.95 80.95 80.95 80.95 80.95 80.95 85.71 85.71 85.71 90.48 
PCA_Infogain:61.90 66.67 66.67 66.67 71.43 71.43 71.43 76.19 76.19 80.95 80.95 80.95 80.95 80.95 85.71 85.71 85.71 85.71 85.71 85.71 85.71 90.48 90.48 95.24 95.24 
PCA_All:57.14 57.14 66.67 71.43 71.43 71.43 71.43 71.43 71.43 76.19 76.19 80.95 80.95 80.95 80.95 80.95 85.71 85.71 85.71 85.71 90.48 90.48 95.24 100.00 100.00 
FastMap_Infogain:19.05 19.05 23.81 23.81 23.81 28.57 28.57 28.57 28.57 28.57 28.57 33.33 33.33 33.33 38.10 38.10 38.10 38.10 38.10 42.86 42.86 42.86 42.86 42.86 47.62 

F-Measure Results:
NB:0.40  0.50  0.55  0.57  0.59  0.60  0.62  0.62  0.67  0.67  0.67  0.67  0.67  0.71  0.71  0.73  0.75  0.77  0.77  0.80  0.82  0.86  0.86  0.92  0.93  
KNN:0.44  0.50  0.50  0.50  0.53  0.57  0.59  0.63  0.63  0.67  0.67  0.67  0.67  0.67  0.71  0.71  0.71  0.71  0.73  0.75  0.75  0.77  0.78  0.80  0.88  
PCA_Infogain:0.36  0.36  0.40  0.43  0.46  0.50  0.57  0.57  0.57  0.60  0.62  0.62  0.67  0.67  0.71  0.71  0.73  0.73  0.73  0.73  0.75  0.75  0.80  0.91  0.93  
PCA_All:0.18  0.25  0.31  0.36  0.40  0.40  0.40  0.44  0.50  0.50  0.50  0.50  0.57  0.60  0.62  0.67  0.67  0.67  0.73  0.73  0.80  0.88  0.93  1.00  1.00  
FastMap_Infogain:0.32  0.32  0.38  0.38  0.38  0.44  0.44  0.44  0.44  0.44  0.44  0.50  0.50  0.50  0.55  0.55  0.55  0.55  0.55  0.60  0.60  0.60  0.60  0.60  0.65  

Precision Results:
NB:0.40  0.50  0.50  0.50  0.62  0.67  0.67  0.67  0.67  0.67  0.75  0.75  0.83  0.83  0.86  0.86  0.88  0.90  1.00  1.00  1.00  1.00  1.00  1.00  1.00  
KNN:0.33  0.38  0.43  0.45  0.45  0.50  0.50  0.55  0.56  0.56  0.57  0.60  0.62  0.62  0.62  0.67  0.67  0.67  0.75  0.75  0.78  0.83  0.83  0.86  1.00  
PCA_Infogain:0.50  0.50  0.57  0.62  0.67  0.67  0.75  0.80  0.80  0.80  0.80  0.83  1.00  1.00  1.00  1.00  1.00  1.00  1.00  1.00  1.00  1.00  1.00  1.00  1.00  
PCA_All:0.33  0.50  0.67  0.67  0.67  0.67  0.67  0.67  0.75  0.80  1.00  1.00  1.00  1.00  1.00  1.00  1.00  1.00  1.00  1.00  1.00  1.00  1.00  1.00  1.00  
FastMap_Infogain:0.19  0.19  0.24  0.24  0.24  0.29  0.29  0.29  0.29  0.29  0.29  0.33  0.33  0.33  0.38  0.38  0.38  0.38  0.38  0.43  0.43  0.43  0.43  0.43  0.48  

Recall Results:
NB:0.40  0.43  0.50  0.50  0.50  0.50  0.56  0.57  0.60  0.62  0.62  0.67  0.67  0.67  0.67  0.67  0.71  0.71  0.75  0.75  0.78  0.80  0.82  0.86  0.88  
KNN:0.56  0.56  0.57  0.57  0.60  0.60  0.62  0.67  0.67  0.71  0.75  0.75  0.75  0.75  0.75  0.78  0.78  0.80  0.83  0.83  0.83  0.83  1.00  1.00  1.00  
PCA_Infogain:0.22  0.22  0.25  0.30  0.38  0.40  0.43  0.44  0.50  0.50  0.50  0.50  0.56  0.57  0.57  0.60  0.67  0.67  0.67  0.67  0.67  0.75  0.83  0.88  1.00  
PCA_All:0.11  0.20  0.20  0.25  0.25  0.25  0.29  0.29  0.33  0.33  0.33  0.40  0.44  0.50  0.50  0.50  0.50  0.57  0.67  0.67  0.67  0.78  0.88  1.00  1.00  
FastMap_Infogain:1.00  1.00  1.00  1.00  1.00  1.00  1.00  1.00  1.00  1.00  1.00  1.00  1.00  1.00  1.00  1.00  1.00  1.00  1.00  1.00  1.00  1.00  1.00  1.00  1.00  

Summary:
NB:81.33,0.78,0.65,0.70
KNN:75.05,0.62,0.74,0.66
PCA_Infogain:80.19,0.85,0.55,0.64
PCA_All:79.43,0.86,0.48,0.58
FastMap_Infogain:33.33,0.33,1.00,0.49
