************************************************************
xerces-1.4.csv

Accuracy Results:
NB:58.97 58.97 62.39 63.25 63.25 63.25 64.96 65.81 65.81 65.81 65.81 65.81 65.81 66.67 66.67 66.67 66.67 67.52 67.52 67.52 69.23 70.94 70.94 70.94 72.65 
KNN:78.63 80.34 81.20 82.05 82.05 83.76 84.62 84.62 85.47 85.47 85.47 85.47 86.32 86.32 86.32 86.32 87.18 87.18 88.03 88.89 89.74 89.74 90.60 92.31 93.16 
PCA_Infogain:85.47 87.18 88.03 88.03 88.89 88.89 88.89 89.74 89.74 90.60 90.60 90.60 90.60 90.60 90.60 90.60 91.45 91.45 92.31 92.31 93.16 93.16 94.02 94.87 94.87 
PCA_All:67.52 70.09 70.94 71.79 71.79 72.65 72.65 72.65 73.50 73.50 73.50 73.50 73.50 74.36 75.21 76.07 76.92 76.92 76.92 77.78 78.63 79.49 80.34 81.20 82.05 
FastMap_Infogain:67.52 68.38 69.23 69.23 69.23 70.94 70.94 70.94 71.79 71.79 71.79 72.65 73.50 75.21 76.07 76.07 76.07 76.07 77.78 77.78 77.78 80.34 80.34 80.34 84.62 

F-Measure Results:
NB:0.65  0.65  0.67  0.67  0.68  0.68  0.69  0.70  0.70  0.71  0.71  0.71  0.72  0.72  0.72  0.72  0.74  0.74  0.75  0.75  0.75  0.77  0.77  0.78  0.78  
KNN:0.86  0.87  0.87  0.88  0.89  0.89  0.90  0.90  0.90  0.90  0.91  0.91  0.91  0.91  0.92  0.92  0.92  0.92  0.92  0.93  0.93  0.94  0.94  0.96  0.96  
PCA_Infogain:0.90  0.91  0.92  0.92  0.92  0.93  0.93  0.93  0.93  0.94  0.94  0.94  0.94  0.94  0.94  0.94  0.95  0.95  0.95  0.95  0.95  0.96  0.96  0.96  0.97  
PCA_All:0.78  0.79  0.80  0.81  0.82  0.82  0.82  0.82  0.82  0.82  0.83  0.83  0.83  0.83  0.83  0.85  0.86  0.86  0.86  0.86  0.87  0.87  0.87  0.88  0.88  
FastMap_Infogain:0.81  0.81  0.82  0.82  0.82  0.83  0.83  0.83  0.84  0.84  0.84  0.84  0.85  0.86  0.86  0.86  0.86  0.86  0.88  0.88  0.88  0.89  0.89  0.89  0.92  

Precision Results:
NB:0.87  0.88  0.89  0.91  0.92  0.92  0.92  0.93  0.93  0.93  0.95  0.95  0.95  0.96  0.96  0.96  0.96  0.96  0.96  0.96  0.96  0.97  0.97  0.98  0.98  
KNN:0.76  0.82  0.83  0.84  0.84  0.84  0.84  0.84  0.85  0.86  0.86  0.87  0.87  0.87  0.88  0.88  0.88  0.89  0.89  0.89  0.90  0.91  0.91  0.93  0.95  
PCA_Infogain:0.84  0.86  0.88  0.89  0.90  0.90  0.90  0.90  0.91  0.91  0.91  0.91  0.93  0.93  0.93  0.93  0.93  0.93  0.94  0.95  0.95  0.95  0.96  0.96  0.96  
PCA_All:0.75  0.75  0.76  0.76  0.77  0.77  0.77  0.78  0.78  0.79  0.79  0.79  0.80  0.81  0.81  0.81  0.82  0.83  0.84  0.85  0.85  0.86  0.86  0.88  0.89  
FastMap_Infogain:0.68  0.68  0.69  0.69  0.69  0.71  0.71  0.71  0.72  0.72  0.72  0.73  0.74  0.75  0.76  0.76  0.76  0.76  0.78  0.78  0.78  0.80  0.80  0.80  0.85  

Recall Results:
NB:0.50  0.51  0.51  0.52  0.53  0.53  0.54  0.56  0.56  0.56  0.57  0.57  0.58  0.58  0.58  0.58  0.61  0.61  0.62  0.63  0.63  0.63  0.65  0.66  0.70  
KNN:0.88  0.89  0.93  0.93  0.94  0.94  0.94  0.95  0.95  0.95  0.96  0.96  0.97  0.97  0.97  0.97  0.98  0.98  0.98  0.98  0.98  0.99  0.99  0.99  0.99  
PCA_Infogain:0.91  0.93  0.93  0.94  0.95  0.95  0.95  0.95  0.96  0.96  0.96  0.96  0.97  0.97  0.97  0.97  0.98  0.98  0.98  0.98  0.98  0.98  0.98  0.98  0.99  
PCA_All:0.82  0.83  0.83  0.84  0.84  0.84  0.85  0.85  0.85  0.86  0.86  0.87  0.87  0.87  0.87  0.89  0.89  0.90  0.90  0.90  0.91  0.91  0.91  0.91  0.92  
FastMap_Infogain:1.00  1.00  1.00  1.00  1.00  1.00  1.00  1.00  1.00  1.00  1.00  1.00  1.00  1.00  1.00  1.00  1.00  1.00  1.00  1.00  1.00  1.00  1.00  1.00  1.00  

Summary:
NB:66.15,0.94,0.58,0.72
KNN:86.05,0.87,0.96,0.91
PCA_Infogain:90.67,0.92,0.96,0.94
PCA_All:74.94,0.81,0.87,0.84
FastMap_Infogain:74.26,0.74,1.00,0.85
