************************************************************
ivy-1.1.csv

Accuracy Results:
NB:45.45 50.00 50.00 50.00 50.00 54.55 54.55 54.55 54.55 59.09 59.09 59.09 59.09 63.64 63.64 63.64 63.64 68.18 68.18 68.18 68.18 72.73 72.73 72.73 77.27 
KNN:45.45 50.00 50.00 54.55 54.55 59.09 59.09 59.09 59.09 59.09 59.09 63.64 63.64 63.64 63.64 63.64 68.18 68.18 68.18 68.18 68.18 72.73 72.73 72.73 90.91 
PCA_Infogain:54.55 59.09 59.09 59.09 59.09 59.09 59.09 63.64 63.64 63.64 63.64 68.18 68.18 68.18 72.73 72.73 72.73 72.73 72.73 77.27 77.27 77.27 77.27 81.82 81.82 
PCA_All:50.00 50.00 50.00 50.00 50.00 54.55 59.09 59.09 59.09 59.09 59.09 59.09 63.64 63.64 63.64 63.64 68.18 68.18 68.18 68.18 68.18 72.73 72.73 72.73 77.27 
FastMap_Infogain:36.36 45.45 45.45 50.00 50.00 50.00 50.00 50.00 50.00 50.00 54.55 54.55 54.55 54.55 59.09 59.09 59.09 63.64 63.64 63.64 63.64 68.18 68.18 72.73 77.27 

F-Measure Results:
NB:0.15  0.37  0.44  0.45  0.47  0.47  0.50  0.50  0.50  0.52  0.52  0.52  0.56  0.57  0.57  0.57  0.59  0.59  0.62  0.64  0.69  0.70  0.72  0.75  0.78  
KNN:0.50  0.64  0.64  0.65  0.65  0.67  0.69  0.69  0.69  0.70  0.71  0.73  0.73  0.73  0.73  0.74  0.74  0.76  0.77  0.79  0.79  0.80  0.82  0.83  0.94  
PCA_Infogain:0.50  0.57  0.57  0.60  0.64  0.64  0.67  0.67  0.67  0.67  0.67  0.69  0.69  0.72  0.73  0.73  0.75  0.76  0.77  0.79  0.80  0.81  0.84  0.86  0.87  
PCA_All:0.50  0.53  0.56  0.56  0.56  0.56  0.61  0.62  0.64  0.64  0.64  0.67  0.67  0.69  0.69  0.70  0.70  0.71  0.72  0.74  0.77  0.79  0.79  0.81  0.83  
FastMap_Infogain:0.53  0.62  0.62  0.67  0.67  0.67  0.67  0.67  0.67  0.67  0.71  0.71  0.71  0.71  0.74  0.74  0.74  0.78  0.78  0.78  0.78  0.81  0.81  0.84  0.87  

Precision Results:
NB:0.25  0.42  0.50  0.57  0.62  0.67  0.71  0.71  0.75  0.75  0.75  0.80  0.83  0.83  0.86  0.86  0.89  0.90  0.90  1.00  1.00  1.00  1.00  1.00  1.00  
KNN:0.38  0.50  0.50  0.50  0.56  0.56  0.57  0.58  0.58  0.59  0.60  0.61  0.62  0.62  0.63  0.64  0.65  0.65  0.67  0.68  0.71  0.72  0.74  0.75  0.94  
PCA_Infogain:0.53  0.55  0.56  0.60  0.64  0.67  0.67  0.67  0.67  0.67  0.69  0.71  0.71  0.73  0.73  0.77  0.78  0.79  0.81  0.82  0.83  0.86  0.87  0.92  0.92  
PCA_All:0.45  0.47  0.53  0.54  0.54  0.56  0.58  0.60  0.60  0.62  0.64  0.64  0.64  0.64  0.65  0.67  0.67  0.69  0.73  0.76  0.77  0.79  0.80  0.86  0.89  
FastMap_Infogain:0.36  0.45  0.45  0.50  0.50  0.50  0.50  0.50  0.50  0.50  0.55  0.55  0.55  0.55  0.59  0.59  0.59  0.64  0.64  0.64  0.64  0.68  0.68  0.73  0.77  

Recall Results:
NB:0.11  0.29  0.30  0.31  0.31  0.33  0.36  0.38  0.38  0.40  0.42  0.43  0.43  0.46  0.47  0.50  0.50  0.50  0.56  0.57  0.57  0.60  0.60  0.64  0.69  
KNN:0.69  0.71  0.73  0.75  0.82  0.85  0.87  0.90  0.90  0.91  0.91  0.91  0.91  0.92  0.92  0.92  0.93  0.93  0.93  0.93  0.94  0.94  1.00  1.00  1.00  
PCA_Infogain:0.38  0.50  0.55  0.58  0.60  0.60  0.62  0.62  0.62  0.65  0.67  0.71  0.73  0.73  0.73  0.79  0.81  0.82  0.82  0.82  0.82  0.83  0.86  0.90  0.93  
PCA_All:0.45  0.54  0.57  0.58  0.58  0.58  0.60  0.62  0.62  0.64  0.69  0.69  0.70  0.71  0.71  0.73  0.73  0.75  0.79  0.80  0.82  0.82  0.86  0.87  1.00  
FastMap_Infogain:1.00  1.00  1.00  1.00  1.00  1.00  1.00  1.00  1.00  1.00  1.00  1.00  1.00  1.00  1.00  1.00  1.00  1.00  1.00  1.00  1.00  1.00  1.00  1.00  1.00  

Summary:
NB:60.91,0.78,0.44,0.55
KNN:63.09,0.62,0.89,0.73
PCA_Infogain:68.18,0.73,0.71,0.71
PCA_All:62.00,0.65,0.70,0.67
FastMap_Infogain:56.55,0.57,1.00,0.72
