************************************************************
synapse-1.2.csv

Accuracy Results:
NB:62.75 64.71 66.67 68.63 68.63 68.63 68.63 68.63 70.59 70.59 72.55 72.55 72.55 72.55 74.51 74.51 74.51 76.47 76.47 78.43 78.43 80.39 80.39 84.31 84.31 
KNN:54.90 58.82 60.78 60.78 62.75 64.71 64.71 64.71 64.71 66.67 66.67 66.67 66.67 66.67 68.63 68.63 68.63 70.59 72.55 72.55 72.55 74.51 74.51 74.51 78.43 
PCA_Infogain:62.75 62.75 62.75 64.71 64.71 64.71 68.63 68.63 70.59 70.59 70.59 72.55 72.55 72.55 72.55 72.55 74.51 74.51 74.51 74.51 76.47 76.47 78.43 78.43 78.43 
PCA_All:64.71 66.67 66.67 66.67 68.63 68.63 68.63 68.63 70.59 70.59 70.59 72.55 72.55 72.55 72.55 74.51 74.51 76.47 76.47 78.43 78.43 78.43 84.31 88.24 88.24 
FastMap_Infogain:25.49 27.45 27.45 29.41 29.41 29.41 29.41 29.41 31.37 31.37 31.37 31.37 33.33 33.33 35.29 35.29 37.25 37.25 37.25 37.25 37.25 37.25 37.25 43.14 43.14 

F-Measure Results:
NB:0.38  0.38  0.47  0.47  0.48  0.49  0.50  0.53  0.55  0.55  0.56  0.58  0.58  0.59  0.59  0.59  0.60  0.61  0.62  0.63  0.63  0.67  0.67  0.67  0.75  
KNN:0.48  0.51  0.52  0.53  0.53  0.54  0.56  0.56  0.56  0.58  0.58  0.58  0.59  0.59  0.60  0.61  0.62  0.62  0.63  0.65  0.65  0.67  0.70  0.71  0.76  
PCA_Infogain:0.12  0.24  0.30  0.31  0.31  0.40  0.40  0.42  0.43  0.45  0.48  0.50  0.52  0.52  0.53  0.56  0.56  0.56  0.56  0.56  0.57  0.58  0.58  0.63  0.65  
PCA_All:0.37  0.38  0.43  0.44  0.48  0.50  0.50  0.50  0.51  0.54  0.56  0.57  0.58  0.59  0.59  0.59  0.59  0.61  0.62  0.65  0.65  0.65  0.67  0.80  0.81  
FastMap_Infogain:0.41  0.43  0.43  0.45  0.45  0.45  0.45  0.45  0.48  0.48  0.48  0.48  0.50  0.50  0.52  0.52  0.54  0.54  0.54  0.54  0.54  0.54  0.54  0.60  0.60  

Precision Results:
NB:0.36  0.42  0.43  0.44  0.44  0.53  0.54  0.54  0.55  0.58  0.60  0.62  0.62  0.62  0.65  0.67  0.71  0.75  0.75  0.75  0.77  0.80  0.83  0.85  1.00  
KNN:0.40  0.43  0.43  0.46  0.46  0.46  0.48  0.48  0.48  0.48  0.48  0.48  0.48  0.50  0.50  0.52  0.52  0.52  0.54  0.56  0.57  0.61  0.62  0.63  0.67  
PCA_Infogain:0.33  0.46  0.46  0.50  0.50  0.50  0.50  0.53  0.53  0.56  0.56  0.57  0.57  0.60  0.67  0.69  0.71  0.77  0.78  0.78  0.80  0.86  1.00  1.00  1.00  
PCA_All:0.42  0.45  0.47  0.47  0.50  0.50  0.54  0.55  0.56  0.56  0.56  0.59  0.62  0.62  0.67  0.67  0.67  0.71  0.72  0.73  0.73  0.77  0.86  0.87  0.89  
FastMap_Infogain:0.25  0.27  0.27  0.29  0.29  0.29  0.29  0.29  0.31  0.31  0.31  0.31  0.33  0.33  0.35  0.35  0.37  0.37  0.37  0.37  0.37  0.37  0.37  0.43  0.43  

Recall Results:
NB:0.36  0.40  0.41  0.41  0.43  0.45  0.50  0.50  0.53  0.53  0.53  0.53  0.55  0.55  0.55  0.56  0.56  0.56  0.57  0.58  0.58  0.59  0.60  0.61  0.67  
KNN:0.58  0.58  0.59  0.62  0.64  0.67  0.67  0.68  0.69  0.69  0.71  0.73  0.73  0.73  0.74  0.75  0.76  0.79  0.79  0.80  0.80  0.81  0.84  0.93  0.94  
PCA_Infogain:0.07  0.14  0.21  0.21  0.26  0.27  0.29  0.32  0.35  0.37  0.38  0.38  0.40  0.44  0.44  0.45  0.47  0.56  0.56  0.56  0.58  0.60  0.63  0.64  0.67  
PCA_All:0.33  0.33  0.38  0.41  0.42  0.47  0.47  0.50  0.50  0.50  0.53  0.53  0.53  0.53  0.53  0.53  0.56  0.56  0.57  0.58  0.59  0.61  0.62  0.75  0.76  
FastMap_Infogain:1.00  1.00  1.00  1.00  1.00  1.00  1.00  1.00  1.00  1.00  1.00  1.00  1.00  1.00  1.00  1.00  1.00  1.00  1.00  1.00  1.00  1.00  1.00  1.00  1.00  

Summary:
NB:73.25,0.63,0.52,0.57
KNN:67.45,0.51,0.73,0.60
PCA_Infogain:71.22,0.65,0.41,0.47
PCA_All:73.57,0.63,0.52,0.57
FastMap_Infogain:33.49,0.33,1.00,0.50
